CELL_PARAMETERS (angstrom)
  5.31719907725  0.00000000000  0.00000000000
  2.65859953862  4.60482947787  0.00000000000
  0.00000000000  0.00000000000 32.85376361491

ATOMIC_POSITIONS (angstrom)
Ni               5.3171990772        3.0698863186       11.0000000000    0   0   0
Pd               2.6585995386        3.0698851333       11.0000764482    0   0   0
Pd               3.9878982814        0.7674721723       11.0000764482    0   0   0
Pd               1.3293007958        0.7674721723       11.0000764482    0   0   0
Ni               2.6585995386        1.5349431593       13.1707374333    0   0   0
Pd               3.9878982814        3.8373584909       13.1708138815    0   0   0
Pd               5.3171990772        1.5349419740       13.1708138815    0   0   0
Pd               6.6464998731        3.8373584909       13.1708138815    0   0   0
Ni              -0.0000000118       -0.0000000286       15.3347081990
Pd               5.3171990394        4.6050066645       15.3345117541
Pd               3.9877458625        2.3023261981       15.3345118450
Pd               6.6466522053        2.3023262069       15.3345118854
Ni               5.3171990020        3.0698862581       17.5114476981
Pd               3.9878584935        0.7674950050       17.5010265385
Pd               2.6585994877        3.0698391214       17.5010267221
Pd               1.3293405006        0.7674950266       17.5010266104
Ni               2.6585994052        1.5349433056       19.6879483827
Pd               3.9949630923        3.8332796765       19.6695250708
Pd               5.3171989167        1.5430999984       19.6695249707
Pd               6.6394347416        3.8332796656       19.6695250109
Ni              -0.0000001363        0.0000002623       21.7444615825
Pd               5.3171989323        4.6029804909       21.9017877170
Pd               3.9895005871        2.3033396037       21.9017878092
Pd               6.6448971964        2.3033395672       21.9017877407
H                2.6585993763        1.5349432702       22.8688030169
