CELL_PARAMETERS (angstrom)
  5.31719907725  0.00000000000  0.00000000000
  2.65859953862  4.60482947787  0.00000000000
  0.00000000000  0.00000000000 32.85376361491

ATOMIC_POSITIONS (angstrom)
Ni               5.3171990772        3.0698863186       11.0000000000    0   0   0
Pd               2.6585995386        3.0698851333       11.0000764482    0   0   0
Pd               3.9878982814        0.7674721723       11.0000764482    0   0   0
Pd               1.3293007958        0.7674721723       11.0000764482    0   0   0
Ni               2.6585995386        1.5349431593       13.1707374333    0   0   0
Pd               3.9878982814        3.8373584909       13.1708138815    0   0   0
Pd               5.3171990772        1.5349419740       13.1708138815    0   0   0
Pd               6.6464998731        3.8373584909       13.1708138815    0   0   0
Ni               0.0004785698        0.0002763164       15.3285965833
Pd               5.3246426999        4.6087269164       15.3277960768
Pd               3.9939559242        2.3059115107       15.3428467218
Pd               6.6535959235        2.3069123947       15.3277961254
Ni               5.3163656266        3.0694051284       17.5083176145
Pd               3.9774329993        0.7642298893       17.5123119609
Pd               2.6505589630        3.0624430713       17.5123119644
Pd               1.3169097773        0.7603181988       17.4745810332
Ni               2.6514812198        1.5308335426       19.6783818238
Pd               3.9948014849        3.8362282384       19.6661161271
Pd               5.3196717976        1.5414856033       19.6661161445
Pd               6.6424602545        3.8350263244       19.6757514061
Ni               0.0089620240        0.0051745173       21.7611645544
Pd               5.3240890349        4.6261590188       21.8789906093
Pd               3.9953811674        2.3067345500       21.8894810476
Pd               6.6684156053        2.2977170462       21.8789907053
H          3.9776774860         2.2965134952        23.4451929429    1   1   0
