CELL_PARAMETERS (angstrom)
  5.31719907725  0.00000000000  0.00000000000
  2.65859953862  4.60482947787  0.00000000000
  0.00000000000  0.00000000000 32.85376361491

ATOMIC_POSITIONS (angstrom)
Ni               5.3171990772        3.0698863186       11.0000000000    0   0   0
Pd               2.6585995386        3.0698851333       11.0000764482    0   0   0
Pd               3.9878982814        0.7674721723       11.0000764482    0   0   0
Pd               1.3293007958        0.7674721723       11.0000764482    0   0   0
Ni               2.6585995386        1.5349431593       13.1707374333    0   0   0
Pd               3.9878982814        3.8373584909       13.1708138815    0   0   0
Pd               5.3171990772        1.5349419740       13.1708138815    0   0   0
Pd               6.6464998731        3.8373584909       13.1708138815    0   0   0
Ni              -0.0006413671       -0.0025114608       15.3365581984
Pd               5.3164984268        4.6018788948       15.3396064725
Pd               3.9878726960        2.2977482723       15.3339272762
Pd               6.6470669934        2.3004518874       15.3366135566
Ni               5.3139844157        3.0697762045       17.4998864257
Pd               3.9840601676        0.7656158093       17.5130699912
Pd               2.6601535938        3.0712282032       17.5030738929
Pd               1.3283553333        0.7707321060       17.5066739793
Ni               2.6679804134        1.5362020797       19.6828096285
Pd               4.0014705553        3.8393077004       19.6724071816
Pd               5.3205426797        1.5448014830       19.6663601557
Pd               6.6491967292        3.8337285173       19.6785240247
Ni               0.0002828838       -0.0090928401       21.7767148393
Pd               5.3522375523        4.6029127696       21.9017762391
Pd               3.9965229861        2.2883633552       21.8841783434
Pd               6.6778643987        2.2864113608       21.8687420814
H                1.2277136264        0.0000004292       22.8419538362    1   0   1
