CELL_PARAMETERS (angstrom)
  5.31719907725  0.00000000000  0.00000000000
  2.65859953862  4.60482947787  0.00000000000
  0.00000000000  0.00000000000 32.85376361491

ATOMIC_POSITIONS (angstrom)
Ni               5.3171990772        3.0698863186       11.0000000000    0   0   0
Pd               2.6585995386        3.0698851333       11.0000764482    0   0   0
Pd               3.9878982814        0.7674721723       11.0000764482    0   0   0
Pd               1.3293007958        0.7674721723       11.0000764482    0   0   0
Ni               2.6585995386        1.5349431593       13.1707374333    0   0   0
Pd               3.9878982814        3.8373584909       13.1708138815    0   0   0
Pd               5.3171990772        1.5349419740       13.1708138815    0   0   0
Pd               6.6464998731        3.8373584909       13.1708138815    0   0   0
Ni              -0.0000000837        0.0013934911       15.3378364862
Pd               5.3171990721        4.6056159793       15.3379340603
Pd               3.9874127611        2.3037276291       15.3379476105
Pd               6.6469853060        2.3037277117       15.3379476139
Ni               5.3171990106        3.0672500998       17.5064085113
Pd               3.9879936479        0.7673123449       17.5065271557
Pd               2.6585994184        3.0682114229       17.5126862554
Pd               1.3292052941        0.7673124029       17.5065271777
Ni               2.6585994247        1.5397471178       19.6828700685
Pd               3.9914317272        3.8331075062       19.6720440630
Pd               5.3171989109        1.5429365840       19.6803620504
Pd               6.6429662004        3.8331074819       19.6720440298
Ni              -0.0000001550        0.0099077852       21.7911783957
Pd               5.3171989268        4.6442170979       21.8503105674
Pd               3.9672715844        2.3297389367       21.9114238908
Pd               6.6671262980        2.3297389081       21.9114239238
H                5.3171989055        1.4303879284       22.7447732332
