CELL_PARAMETERS (angstrom)
  5.31719907725  0.00000000000  0.00000000000
  2.65859953862  4.60482947787  0.00000000000
  0.00000000000  0.00000000000 32.85376361491

ATOMIC_POSITIONS (angstrom)
Ni               5.3171990772        3.0698863186       11.0000000000    0   0   0
Pd               2.6585995386        3.0698851333       11.0000764482    0   0   0
Pd               3.9878982814        0.7674721723       11.0000764482    0   0   0
Pd               1.3293007958        0.7674721723       11.0000764482    0   0   0
Ni               2.6585995386        1.5349431593       13.1707374333    0   0   0
Pd               3.9878982814        3.8373584909       13.1708138815    0   0   0
Pd               5.3171990772        1.5349419740       13.1708138815    0   0   0
Pd               6.6464998731        3.8373584909       13.1708138815    0   0   0
Ni              -0.0000000112        0.0002112435       15.3281941668
Pd               5.3171990614        4.6072116070       15.3318317566
Pd               3.9875355543        2.3040076705       15.3341874698
Pd               6.6468625740        2.3040076864       15.3341874603
Ni               5.3171990506        3.0711038450       17.5019421663
Pd               3.9895522072        0.7652658671       17.4965885992
Pd               2.6585995092        3.0642635387       17.5064703006
Pd               1.3276467587        0.7652658851       17.4965886006
Ni               2.6585994574        1.5263816421       19.6791056903
Pd               3.9906317663        3.8306775092       19.6641080154
Pd               5.3171990081        1.5428897915       19.6677824712
Pd               6.6437662347        3.8306774749       19.6641080772
Ni              -0.0000000987        0.0030714931       21.7643071204
Pd               5.3171989272        4.6179185375       21.8601607608
Pd               3.9613135508        2.2954783773       21.8938103210
Pd               6.6730842723        2.2954784021       21.8938103876
H                5.3171988673        2.2965135261       22.9549884032    1   1   0
