CELL_PARAMETERS {angstrom}
  5.13765543521 0.00000000000 0.00000000000
  2.73266409372 4.53999119143 0.00000000000
  0.00000000000 0.00000000000 32.57889947161
ATOMIC_POSITIONS (angstrom)
Ni               0.0000000000        0.0000000000       11.0000000000    0   0   0
Pd               3.9351597645        2.2699955957       11.0000000000    0   0   0
Pd               2.5688277176        0.0000000000       11.0000000000    0   0   0
Ni               1.3663320469        2.2699955957       11.0000000000    0   0   0
Pd               1.2024956707        0.8224083191       13.1157798943    0   0   0
Pd               2.5688277176        3.0924039148       13.1157798943    0   0   0
Ni               3.7713233884        0.8224083191       13.1157798943    0   0   0
Ni               5.1376554352        3.0924039148       13.1157798943    0   0   0
Ni               2.4056882390        1.6443971350       15.2303573166
Ni               3.7730343392        3.9137824405       15.2268807959
Pd               4.9724332961        1.6450586099       15.2210760377
Pd               6.3392886398        3.9159235495       15.2210760920
Ni               4.8127891254        0.1955401765       17.3300804224
Pd               3.6172057340        2.4632939377       17.3480467969
Pd               2.2491781454        0.1904813675       17.3480468485
Ni               6.1827998089        2.4633215560       17.3260519828
Ni               4.7999509854        3.2956715033       19.4867698521
Pd               0.8441273604        1.0343082728       19.4299230407
Pd               2.2138220861        3.3098906499       19.4299229849
Ni               3.4263223888        1.0300677401       19.4832990429
Pd               4.6481707952        1.8241875492       21.6458630379
Ni               3.4811443398        4.0894737460       21.5179848027
Ni               2.1082262298        1.8234425123       21.5035026300
Pd               6.0292070589        4.1186125539       21.6458630346
H          5.3197186848         2.9828183831        22.7437999148    1   1   0
