CELL_PARAMETERS {angstrom}
  5.13765543521 0.00000000000 0.00000000000
  2.73266409372 4.53999119143 0.00000000000
  0.00000000000 0.00000000000 32.57889947161
ATOMIC_POSITIONS (angstrom)
Ni               0.0000000000        0.0000000000       11.0000000000    0   0   0
Pd               3.9351597645        2.2699955957       11.0000000000    0   0   0
Pd               2.5688277176        0.0000000000       11.0000000000    0   0   0
Ni               1.3663320469        2.2699955957       11.0000000000    0   0   0
Pd               1.2024956707        0.8224083191       13.1157798943    0   0   0
Pd               2.5688277176        3.0924039148       13.1157798943    0   0   0
Ni               3.7713233884        0.8224083191       13.1157798943    0   0   0
Ni               5.1376554352        3.0924039148       13.1157798943    0   0   0
Ni               2.4035997527        1.6378117323       15.2317677603
Ni               3.7768626609        3.9193206542       15.2317666386
Pd               4.9701925371        1.6469992173       15.2201582914
Pd               6.3447413297        3.9120497425       15.2222948727
Ni               4.8360210809        0.1913807098       17.3307253850
Pd               3.6266829669        2.4556703886       17.3477368914
Pd               2.2688793445        0.1805423478       17.3559784280
Ni               6.1936724690        2.4469533068       17.3307254210
Ni               4.8231631957        3.2701594012       19.4716625117
Pd               0.8874215595        1.0120538592       19.4586948718
Pd               2.2397127243        3.2905017399       19.4304831194
Ni               3.4670284032        1.0171067099       19.4716630160
Pd               4.6931134173        1.8137759666       21.6383789773
Ni               3.4811560432        4.0837649164       21.5444761411
Ni               2.1198629323        1.8221399333       21.5444750000
Pd               6.0210325193        4.1068928341       21.5984700721
H                3.3002304569        2.6521654262       22.4808651898
