CELL_PARAMETERS {angstrom}
  5.13765543521 0.00000000000 0.00000000000
  2.73266409372 4.53999119143 0.00000000000
  0.00000000000 0.00000000000 32.57889947161
ATOMIC_POSITIONS (angstrom)
Ni               0.0000000000        0.0000000000       11.0000000000    0   0   0
Pd               3.9351597645        2.2699955957       11.0000000000    0   0   0
Pd               2.5688277176        0.0000000000       11.0000000000    0   0   0
Ni               1.3663320469        2.2699955957       11.0000000000    0   0   0
Pd               1.2024956707        0.8224083191       13.1157798943    0   0   0
Pd               2.5688277176        3.0924039148       13.1157798943    0   0   0
Ni               3.7713233884        0.8224083191       13.1157798943    0   0   0
Ni               5.1376554352        3.0924039148       13.1157798943    0   0   0
Ni               2.4025027642        1.6463153735       15.2358884179
Ni               3.7692797098        3.9160414701       15.2329843531
Pd               4.9682212031        1.6475686971       15.2216891946
Pd               6.3350978980        3.9184711986       15.2216888214
Ni               4.8256071802        0.1878241819       17.3244915285
Pd               3.6259121657        2.4557410815       17.3601002212
Pd               2.2599265815        0.1863239219       17.3600989972
Ni               6.1909131468        2.4584386488       17.3255474026
Ni               4.8023751146        3.2942130141       19.4896022341
Pd               0.8507697237        1.0331790714       19.4332030114
Pd               2.2179298563        3.3045489121       19.4332037064
Ni               3.4334467637        1.0257787685       19.4936877193
Pd               4.6453258801        1.8282303904       21.6419373499
Ni               3.4792168880        4.0906335451       21.5148670623
Ni               2.1235631818        1.8142112660       21.5246497794
Pd               6.0243011631        4.1192344423       21.6419378405
H                6.0962033722        2.5154447211       22.5274012950
