CELL_PARAMETERS {angstrom}
  5.13765543521 0.00000000000 0.00000000000
  2.73266409372 4.53999119143 0.00000000000
  0.00000000000 0.00000000000 32.57889947161
ATOMIC_POSITIONS (angstrom)
Ni               0.0000000000        0.0000000000       11.0000000000    0   0   0
Pd               3.9351597645        2.2699955957       11.0000000000    0   0   0
Pd               2.5688277176        0.0000000000       11.0000000000    0   0   0
Ni               1.3663320469        2.2699955957       11.0000000000    0   0   0
Pd               1.2024956707        0.8224083191       13.1157798943    0   0   0
Pd               2.5688277176        3.0924039148       13.1157798943    0   0   0
Ni               3.7713233884        0.8224083191       13.1157798943    0   0   0
Ni               5.1376554352        3.0924039148       13.1157798943    0   0   0
Ni               2.4050447294        1.6447844770       15.2322519363
Ni               3.7713880862        3.9147732682       15.2313589090
Pd               4.9718998937        1.6460297619       15.2218801916
Pd               6.3381807124        3.9159402313       15.2218801802
Ni               4.8174706106        0.1927222999       17.3338610028
Pd               3.6209250676        2.4606008114       17.3509329318
Pd               2.2532989121        0.1884553845       17.3509328677
Ni               6.1865925895        2.4610385643       17.3264277083
Ni               4.8084348348        3.2905649553       19.4858206656
Pd               0.8582266281        1.0281132688       19.4354092767
Pd               2.2258965379        3.3003313604       19.4354092466
Ni               3.4453327079        1.0186251748       19.4766987118
Pd               4.6705119108        1.8160556108       21.6458189300
Ni               3.4771406735        4.0918837121       21.5407856836
Ni               2.1288747897        1.8110138008       21.4986739279
Pd               6.0468511365        4.1026769659       21.6458190049
H                4.6366455463        3.3939667084       22.5746316129
