CELL_PARAMETERS {angstrom}
  5.13765543521 0.00000000000 0.00000000000
  2.73266409372 4.53999119143 0.00000000000
  0.00000000000 0.00000000000 32.57889947161
ATOMIC_POSITIONS (angstrom)
Ni               0.0000000000        0.0000000000       11.0000000000    0   0   0
Pd               3.9351597645        2.2699955957       11.0000000000    0   0   0
Pd               2.5688277176        0.0000000000       11.0000000000    0   0   0
Ni               1.3663320469        2.2699955957       11.0000000000    0   0   0
Pd               1.2024956707        0.8224083191       13.1157798943    0   0   0
Pd               2.5688277176        3.0924039148       13.1157798943    0   0   0
Ni               3.7713233884        0.8224083191       13.1157798943    0   0   0
Ni               5.1376554352        3.0924039148       13.1157798943    0   0   0
Ni               2.4020847056        1.6358620122       15.2253220252
Ni               3.7778757124        3.9215725085       15.2253219383
Pd               4.9729208139        1.6453573820       15.2192320771
Pd               6.3438967208        3.9125574517       15.2306544275
Ni               4.8082552807        0.2076849620       17.3419535512
Pd               3.5986742077        2.4725299358       17.3211525716
Pd               2.2465785479        0.1939644592       17.3612257227
Ni               6.1662669700        2.4638565885       17.3419538048
Ni               4.7942021217        3.2850916987       19.4745857560
Pd               0.8578532562        1.0298521490       19.4453175925
Pd               2.2156153961        3.3050055462       19.4355161817
Ni               3.4402768414        1.0357085084       19.4745853700
Pd               4.6604208109        1.8334541375       21.6257107943
Ni               3.4950614506        4.0845697955       21.5216981568
Ni               2.1256608754        1.8094751382       21.5216979682
Pd               6.0457025782        4.0920434254       21.6419404927
H          6.0028845829         4.1178158356        23.2039339414    1   1   0
