CELL_PARAMETERS {angstrom}
  5.13765543521 0.00000000000 0.00000000000
  2.73266409372 4.53999119143 0.00000000000
  0.00000000000 0.00000000000 32.57889947161
ATOMIC_POSITIONS (angstrom)
Ni               0.0000000000        0.0000000000       11.0000000000    0   0   0
Pd               3.9351597645        2.2699955957       11.0000000000    0   0   0
Pd               2.5688277176       -0.0000000000       11.0000000000    0   0   0
Ni               1.3663320469        2.2699955957       11.0000000000    0   0   0
Pd               1.2024956707        0.8224083191       13.1157798943    0   0   0
Pd               2.5688277176        3.0924039148       13.1157798943    0   0   0
Ni               3.7713233884        0.8224083191       13.1157798943    0   0   0
Ni               5.1376554352        3.0924039148       13.1157798943    0   0   0
Ni               2.3873511714        1.6755536935       15.2403018618
Ni               3.7576458666        3.9518376969       15.2409786506
Pd               4.9521347743        1.6816358868       15.2173902938
Pd               6.3244693053        3.9485941339       15.2193702703
Ni               4.8147172162        0.2515262256       17.3208794754
Pd               3.6117926458        2.5181414155       17.3647935147
Pd               2.2462788055        0.2473291243       17.3693653196
Ni               6.1799014677        2.5180361652       17.3157016316
Ni               4.7524857349        3.4031052920       19.4919599930
Pd               0.8125869750        1.1484283400       19.4498154646
Pd               2.1748938146        3.4147911965       19.4291867057
Ni               3.3938023137        1.1391300189       19.4919629977
Pd               4.5996091858        1.9991131008       21.6459693745
Ni               3.4037205501        4.2840699769       21.5327384874
Ni               2.0377794523        1.9986168573       21.5573109941
Pd               5.9486043371        4.2770434375       21.6093803392
H                3.2143805187        2.9671589137       22.4878157347    1   0   1
