CELL_PARAMETERS {angstrom}
  5.13765543521 0.00000000000 0.00000000000
  2.73266409372 4.53999119143 0.00000000000
  0.00000000000 0.00000000000 32.57889947161
ATOMIC_POSITIONS (angstrom)
Ni               0.0000000000        0.0000000000       11.0000000000    0   0   0
Pd               3.9351597645        2.2699955957       11.0000000000    0   0   0
Pd               2.5688277176        0.0000000000       11.0000000000    0   0   0
Ni               1.3663320469        2.2699955957       11.0000000000    0   0   0
Pd               1.2024956707        0.8224083191       13.1157798943    0   0   0
Pd               2.5688277176        3.0924039148       13.1157798943    0   0   0
Ni               3.7713233884        0.8224083191       13.1157798943    0   0   0
Ni               5.1376554352        3.0924039148       13.1157798943    0   0   0
Ni               2.3836393252        1.6534620435       15.2363168660
Ni               3.7536904146        3.9296353812       15.2363147467
Pd               4.9497255553        1.6593185631       15.2169978973
Pd               6.3204701204        3.9266623169       15.2187278686
Ni               4.7986234087        0.2091167248       17.3223037232
Pd               3.5950733623        2.4747018562       17.3549288936
Pd               2.2311187402        0.2032709989       17.3613070039
Ni               6.1604939384        2.4716982963       17.3223021863
Ni               4.7565093726        3.3149754113       19.4833607734
Pd               0.8150596685        1.0556047808       19.4508154486
Pd               2.1747427026        3.3296035948       19.4248395696
Ni               3.3962219586        1.0550197521       19.4833606546
Pd               4.6258249578        1.8542662426       21.6422633841
Ni               3.4156850677        4.1267400299       21.5373580746
Ni               2.0512286179        1.8598605941       21.5373544950
Pd               5.9583774862        4.1445918026       21.6040357237
H          3.2270343831         2.6962052401        22.4735609286    1   1   0
