CELL_PARAMETERS {angstrom}
  5.13765543521 0.00000000000 0.00000000000
  2.73266409372 4.53999119143 0.00000000000
  0.00000000000 0.00000000000 32.57889947161
ATOMIC_POSITIONS (angstrom)
Ni               0.0000000000        0.0000000000       11.0000000000    0   0   0
Pd               3.9351597645        2.2699955957       11.0000000000    0   0   0
Pd               2.5688277176        0.0000000000       11.0000000000    0   0   0
Ni               1.3663320469        2.2699955957       11.0000000000    0   0   0
Pd               1.2024956707        0.8224083191       13.1157798943    0   0   0
Pd               2.5688277176        3.0924039148       13.1157798943    0   0   0
Ni               3.7713233884        0.8224083191       13.1157798943    0   0   0
Ni               5.1376554352        3.0924039148       13.1157798943    0   0   0
Ni               2.3960177331        1.6502180426       15.2393272177
Ni               3.7616674979        3.9206240334       15.2418001722
Pd               4.9600656983        1.6523652896       15.2166833947
Pd               6.3270424115        3.9234321090       15.2166834919
Ni               4.8286330920        0.1860031872       17.3216113826
Pd               3.6326770805        2.4540122047       17.3708523706
Pd               2.2646218428        0.1811550366       17.3708523240
Ni               6.2007088420        2.4525421145       17.2955922853
Ni               4.7909523797        3.3010880255       19.4953098113
Pd               0.8378392200        1.0457955915       19.4281399584
Pd               2.2007278830        3.3100696206       19.4281400827
Ni               3.4244738490        1.0311801784       19.4995872962
Pd               4.6393128887        1.8491846426       21.6342287499
Ni               3.4542134140        4.1056836743       21.5098663614
Ni               2.0905461395        1.8340842616       21.5150655337
Pd               6.0029710835        4.1147384919       21.6342284651
H          3.4600728914         4.1021569438        22.9720615565    1   1   0
