CELL_PARAMETERS {angstrom}
  5.13765543521 0.00000000000 0.00000000000
  2.73266409372 4.53999119143 0.00000000000
  0.00000000000 0.00000000000 32.57889947161
ATOMIC_POSITIONS (angstrom)
Ni               0.0000000000        0.0000000000       11.0000000000    0   0   0
Pd               3.9351597645        2.2699955957       11.0000000000    0   0   0
Pd               2.5688277176       -0.0000000000       11.0000000000    0   0   0
Ni               1.3663320469        2.2699955957       11.0000000000    0   0   0
Pd               1.2024956707        0.8224083191       13.1157798943    0   0   0
Pd               2.5688277176        3.0924039148       13.1157798943    0   0   0
Ni               3.7713233884        0.8224083191       13.1157798943    0   0   0
Ni               5.1376554352        3.0924039148       13.1157798943    0   0   0
Ni               2.4005320724        1.6463541627       15.2359224671
Ni               3.7678775070        3.9180329320       15.2359221732
Pd               4.9671853711        1.6488101135       15.2240020957
Pd               6.3357229727        3.9174770867       15.2248504481
Ni               4.8236497489        0.1913255894       17.3329080158
Pd               3.6195266604        2.4599778849       17.3564521035
Pd               2.2581893222        0.1869765938       17.3638800627
Ni               6.1879285170        2.4579118477       17.3329091039
Ni               4.8003777639        3.2867622987       19.4781459419
Pd               0.8657173302        1.0251188495       19.4515585427
Pd               2.2153353306        3.3051739129       19.4412070728
Ni               3.4416914742        1.0294689441       19.4781450293
Pd               4.6380251894        1.8469338438       21.6049902762
Ni               3.4477243250        4.1012908176       21.5562600980
Ni               2.0887253194        1.8434787247       21.5562608439
Pd               5.9701621053        4.1375123795       21.6367454823
H                2.2511051739        3.2836439032       22.4590684460
