CELL_PARAMETERS {angstrom}
  5.13765543521 0.00000000000 0.00000000000
  2.73266409372 4.53999119143 0.00000000000
  0.00000000000 0.00000000000 32.57889947161
ATOMIC_POSITIONS (angstrom)
Ni               0.0000000000        0.0000000000       11.0000000000    0   0   0
Pd               3.9351597645        2.2699955957       11.0000000000    0   0   0
Pd               2.5688277176        0.0000000000       11.0000000000    0   0   0
Ni               1.3663320469        2.2699955957       11.0000000000    0   0   0
Pd               1.2024956707        0.8224083191       13.1157798943    0   0   0
Pd               2.5688277176        3.0924039148       13.1157798943    0   0   0
Ni               3.7713233884        0.8224083191       13.1157798943    0   0   0
Ni               5.1376554352        3.0924039148       13.1157798943    0   0   0
Ni               2.4266117257        1.6423729895       15.2527027824
Ni               3.7836021827        3.8968571342       15.2527067678
Pd               4.9947694402        1.6322074397       15.2523397772
Pd               6.3499899770        3.9088912433       15.2504261814
Ni               4.8257728475        0.1665919753       17.3928258788
Pd               3.6418011804        2.4465725872       17.4017137497
Pd               2.2616379307        0.1849034152       17.3936249493
Ni               6.2107856689        2.4676160289       17.3928247812
Ni               4.8451981080        3.2877884737       19.5488647040
Pd               0.8823735503        1.0150956202       19.4904440596
Pd               2.2585130390        3.2791903927       19.5608659009
Ni               3.4617670415        0.9893879807       19.5488696311
Pd               4.6911917492        1.8149384113       21.6705146952
Ni               3.5518843320        4.0833668798       21.6187164443
Ni               2.1533363860        1.7598244105       21.6187144423
Pd               6.0856627822        4.0679900211       21.8149962802
H          5.3285544511         4.5237032077        23.2039339414    1   1   0
