CELL_PARAMETERS {angstrom}
  5.03808066633 0.00000000000 0.00000000000
  2.51904033316 4.36310584335 0.00000000000
  0.00000000000 0.00000000000 32.28401898435
ATOMIC_POSITIONS (angstrom)
Ni               5.0381082178        2.9087344078       11.0000000000    0   0   0
Ni               1.2594928383        0.7271633007       11.0000321314    0   0   0
Pd               2.5190631929        2.9087349143       11.0000563881    0   0   0
Ni               3.7785410216        0.7272125305       11.0000798881    0   0   0
Ni               2.5190678846        1.4543657934       13.0567878192    0   0   0
Ni               6.2975735046        3.6359005296       13.0568199507    0   0   0
Pd               5.0381035260        1.4543662999       13.0568442073    0   0   0
Ni               3.7785410216        3.6359497594       13.0568677074    0   0   0
Ni               2.5209492666        4.3586559503       15.1105785499
Ni               3.7775017087        2.1821776173       15.1153233465
Pd               5.0417054674        4.3610313693       15.1040373484
Ni               6.3024278755        2.1821355246       15.1105677660
Ni               5.0360422376        2.9150526221       17.1714329130
Ni               1.2538820272        0.7304447242       17.1404551984
Pd               2.5190611835        2.9087301366       17.1880297417
Ni               3.7720773149        0.7258011258       17.1714371091
Ni               2.5175035642        1.4320029787       19.2281734761
Ni               6.2827115703        3.6445206011       19.2344702754
Pd               5.0436676298        1.4511457390       19.2069403068
Ni               3.7971630161        3.6484395723       19.2281741980
Ni               2.5239683398        4.3234592267       21.2526291376
Ni               3.7672639550        2.1880774373       21.2490978168
Pd               5.0380355474        4.3631339596       21.3745654062
Ni               6.3344011183        2.1971122951       21.2526312372
H          3.7483034810         2.1990205227        22.7170881634    1   1   0
