CELL_PARAMETERS {angstrom}
  5.03808066633 0.00000000000 0.00000000000
  2.51904033316 4.36310584335 0.00000000000
  0.00000000000 0.00000000000 32.28401898435
ATOMIC_POSITIONS (angstrom)
Ni               5.0381082178        2.9087344078       11.0000000000    0   0   0
Ni               1.2594928383        0.7271633007       11.0000321314    0   0   0
Pd               2.5190631929        2.9087349143       11.0000563881    0   0   0
Ni               3.7785410216        0.7272125305       11.0000798881    0   0   0
Ni               2.5190678846        1.4543657934       13.0567878192    0   0   0
Ni               6.2975735046        3.6359005296       13.0568199507    0   0   0
Pd               5.0381035260        1.4543662999       13.0568442073    0   0   0
Ni               3.7785410216        3.6359497594       13.0568677074    0   0   0
Ni               2.5190399664        4.3620772209       15.1109333626
Ni               3.7758772745        2.1832059114       15.1128652168
Pd               5.0380879913        4.3642663843       15.1058874736
Ni               6.3003063158        2.1832048352       15.1128638370
Ni               5.0380853951        2.9136909521       17.1609199812
Ni               1.2625419040        0.7287633726       17.1637832021
Pd               2.5190455046        2.9110732839       17.1802973263
Ni               3.7755479123        0.7287620972       17.1637840270
Ni               2.5190428923        1.4538019198       19.2388536673
Ni               6.2794923446        3.6568873699       19.2226620603
Pd               5.0380838515        1.4641035558       19.2024140683
Ni               3.7966754691        3.6568869127       19.2226626283
Ni               2.5190428581        4.3448337789       21.2375423604
Ni               3.7482372265        2.2129471203       21.2581687696
Pd               5.0380833322        4.4022818395       21.3770943608
Ni               6.3279289181        2.2129469420       21.2581690143
H                5.0380831604        2.7555793056       22.2231021961
