CELL_PARAMETERS {angstrom}
  5.03808066633 0.00000000000 0.00000000000
  2.51904033316 4.36310584335 0.00000000000
  0.00000000000 0.00000000000 32.28401898435
ATOMIC_POSITIONS (angstrom)
Ni               5.0381082178        2.9087344078       11.0000000000    0   0   0
Ni               1.2594928383        0.7271633007       11.0000321314    0   0   0
Pd               2.5190631929        2.9087349143       11.0000563881    0   0   0
Ni               3.7785410216        0.7272125305       11.0000798881    0   0   0
Ni               2.5190678846        1.4543657934       13.0567878192    0   0   0
Ni               6.2975735046        3.6359005296       13.0568199507    0   0   0
Pd               5.0381035260        1.4543662999       13.0568442073    0   0   0
Ni               3.7785410216        3.6359497594       13.0568677074    0   0   0
Ni               2.5190380415        4.3610043352       15.1112052707
Ni               3.7764004299        2.1822233555       15.1127540212
Pd               5.0380865853        4.3630324638       15.1050704504
Ni               6.2997810449        2.1822222008       15.1127521226
Ni               5.0380835513        2.9130147553       17.1634116916
Ni               1.2601885782        0.7257164468       17.1596599788
Pd               2.5190439647        2.9056795330       17.1839442243
Ni               3.7778976377        0.7257139919       17.1596610659
Ni               2.5190410950        1.4325827102       19.2344405259
Ni               6.2835454912        3.6435303179       19.2249225859
Pd               5.0380823857        1.4535240532       19.2008234995
Ni               3.7926198188        3.6435291609       19.2249227078
Ni               2.5190408657        4.3337867156       21.2523503428
Ni               3.7403988162        2.1933649837       21.2563781000
Pd               5.0380813364        4.3611285953       21.3614569802
Ni               6.3357641835        2.1933649848       21.2563783818
H          5.0380813998         2.1990231259        22.2485359433    1   1   0
