CELL_PARAMETERS {angstrom}
  5.03808066633 0.00000000000 0.00000000000
  2.51904033316 4.36310584335 0.00000000000
  0.00000000000 0.00000000000 32.28401898435
ATOMIC_POSITIONS (angstrom)
Ni               5.0381082178        2.9087344078       11.0000000000    0   0   0
Ni               1.2594928383        0.7271633007       11.0000321314    0   0   0
Pd               2.5190631929        2.9087349143       11.0000563881    0   0   0
Ni               3.7785410216        0.7272125305       11.0000798881    0   0   0
Ni               2.5190678846        1.4543657934       13.0567878192    0   0   0
Ni               6.2975735046        3.6359005296       13.0568199507    0   0   0
Pd               5.0381035260        1.4543662999       13.0568442073    0   0   0
Ni               3.7785410216        3.6359497594       13.0568677074    0   0   0
Ni               2.5193020791        4.3615544060       15.1083904167
Ni               3.7776525285        2.1828556632       15.1058631851
Pd               5.0385723496        4.3635918672       15.1047799565
Ni               6.2995877960        2.1835151163       15.1084785103
Ni               5.0379114035        2.9077406228       17.1555883765
Ni               1.2600512914        0.7276935384       17.1612312239
Pd               2.5212286223        2.9095284441       17.1709953480
Ni               3.7757907397        0.7227066228       17.1662956342
Ni               2.5251082856        1.4359019715       19.2166043198
Ni               6.2932004393        3.6393242008       19.2295946303
Pd               5.0376305950        1.4567095119       19.2068352042
Ni               3.8022503682        3.6511706707       19.2192522062
Ni               2.5233893680        4.3334936427       21.2535710731
Ni               3.7630937549        2.2074862436       21.2466150773
Pd               5.0715434337        4.3618272262       21.3774003183
Ni               6.3453433725        2.1929413490       21.2379557180
H                3.6497900038        4.3563510179       22.4039021073
