CELL_PARAMETERS {angstrom}
  5.03808066633 0.00000000000 0.00000000000
  2.51904033316 4.36310584335 0.00000000000
  0.00000000000 0.00000000000 32.28401898435
ATOMIC_POSITIONS (angstrom)
Ni               5.0381082178        2.9087344078       11.0000000000    0   0   0
Ni               1.2594928383        0.7271633007       11.0000321314    0   0   0
Pd               2.5190631929        2.9087349143       11.0000563881    0   0   0
Ni               3.7785410216        0.7272125305       11.0000798881    0   0   0
Ni               2.5190678846        1.4543657934       13.0567878192    0   0   0
Ni               6.2975735046        3.6359005296       13.0568199507    0   0   0
Pd               5.0381035260        1.4543662999       13.0568442073    0   0   0
Ni               3.7785410216        3.6359497594       13.0568677074    0   0   0
Ni               2.5190401012        4.3611467959       15.1144214889
Ni               3.7768659404        2.1825452757       15.1144115119
Pd               5.0380877110        4.3631201201       15.1085408829
Ni               6.2993166822        2.1825451521       15.1144100441
Ni               5.0380850134        2.9104227959       17.1681645017
Ni               1.2609796863        0.7263475105       17.1681675326
Pd               2.5190446381        2.9087399064       17.1865047413
Ni               3.7771086260        0.7263480449       17.1681688451
Ni               2.5190428005        1.4395301259       19.2320265166
Ni               6.2847509814        3.6433436306       19.2320262625
Pd               5.0380832181        1.4543715549       19.2100107692
Ni               3.7914147002        3.6433440564       19.2320272842
Ni               2.5190418718        4.3261396084       21.2748129091
Ni               3.7465461456        2.2000383622       21.2748129941
Pd               5.0380823481        4.3631071900       21.3455538457
Ni               6.3296174242        2.2000384949       21.2748136919
H                5.0380816638        1.4543702218       22.1254932283
