CELL_PARAMETERS {angstrom}
  5.03808066633 0.00000000000 0.00000000000
  2.51904033316 4.36310584335 0.00000000000
  0.00000000000 0.00000000000 32.28401898435
ATOMIC_POSITIONS (angstrom)
Ni               5.0381082178        2.9087344078       11.0000000000    0   0   0
Ni               1.2594928383        0.7271633007       11.0000321314    0   0   0
Pd               2.5190631929        2.9087349143       11.0000563881    0   0   0
Ni               3.7785410216        0.7272125305       11.0000798881    0   0   0
Ni               2.5190678846        1.4543657934       13.0567878192    0   0   0
Ni               6.2975735046        3.6359005296       13.0568199507    0   0   0
Pd               5.0381035260        1.4543662999       13.0568442073    0   0   0
Ni               3.7785410216        3.6359497594       13.0568677074    0   0   0
Ni               2.5207101856        4.3588362386       15.1120263822
Ni               3.7764257414        2.1828018906       15.1165846668
Pd               5.0417316204        4.3610187454       15.1044665584
Ni               6.3021547340        2.1822560085       15.1120147029
Ni               5.0350946444        2.9137153578       17.1734781745
Ni               1.2552599360        0.7296539048       17.1413033751
Pd               2.5184847193        2.9090674487       17.1915148930
Ni               3.7727630305        0.7272942545       17.1734814974
Ni               2.5231441606        1.4267765303       19.2316532035
Ni               6.2913002203        3.6395650604       19.2379778744
Pd               5.0491453355        1.4479868468       19.2084899050
Ni               3.8045145405        3.6461717635       19.2316529066
Ni               2.5325461719        4.3227316114       21.2538829598
Ni               3.7699423938        2.1865335113       21.2491547163
Pd               5.0476850983        4.3575653784       21.3796745102
Ni               6.3393236740        2.1900507592       21.2538836450
H                3.7483034810        2.1990205227       22.7157850526    0   0   1
