CELL_PARAMETERS {angstrom}
  5.03808066633 0.00000000000 0.00000000000
  2.51904033316 4.36310584335 0.00000000000
  0.00000000000 0.00000000000 32.28401898435
ATOMIC_POSITIONS (angstrom)
Ni               5.0381082178        2.9087344078       11.0000000000    0   0   0
Ni               1.2594928383        0.7271633007       11.0000321314    0   0   0
Pd               2.5190631929        2.9087349143       11.0000563881    0   0   0
Ni               3.7785410216        0.7272125305       11.0000798881    0   0   0
Ni               2.5190678846        1.4543657934       13.0567878192    0   0   0
Ni               6.2975735046        3.6359005296       13.0568199507    0   0   0
Pd               5.0381035260        1.4543662999       13.0568442073    0   0   0
Ni               3.7785410216        3.6359497594       13.0568677074    0   0   0
Ni               2.5190396742        4.3625965374       15.1045127660
Ni               3.7781203989        2.1818211272       15.1045016498
Pd               5.0380876241        4.3631200392       15.1075422497
Ni               6.2980619685        2.1818204920       15.1045010349
Ni               5.0380852596        2.9113657982       17.1674246872
Ni               1.2617966583        0.7258763780       17.1674280851
Pd               2.5190452941        2.9087405930       17.1523674671
Ni               3.7762910020        0.7258758885       17.1674294660
Ni               2.5190424686        1.4413738520       19.2163587540
Ni               6.2863474982        3.6424219490       19.2163586542
Pd               5.0380831767        1.4543718205       19.2121630390
Ni               3.7898187548        3.6424225599       19.2163590346
Ni               2.5190418100        4.3243901439       21.2473085378
Ni               3.7450312078        2.2009126346       21.2473088453
Pd               5.0380819907        4.3631070198       21.3792943353
Ni               6.3311324190        2.2009131359       21.2473094262
H          5.0380814939         4.3631068214        22.9507224134    1   1   0
