CELL_PARAMETERS {angstrom}
  4.86542906019 0.00000000000 0.00000000000
  2.43271453010 4.21358516644 0.00000000000
  0.00000000000 0.00000000000 31.93152221841
ATOMIC_POSITIONS (angstrom)
Ni               4.8654290602        2.8090567776       11.0000000000    0   0   0
Ni               1.2163587666        0.7022650613       11.0000067374    0   0   0
Ni               2.4327145301        2.8090550438       11.0000067374    0   0   0
Ni               3.6490702936        0.7022650613       11.0000067374    0   0   0
Ni               2.4327145301        1.4045283888       12.9863030962    0   0   0
Ni               6.0817878268        3.5113218389       12.9863098336    0   0   0
Ni               4.8654290602        1.4045266550       12.9863098336    0   0   0
Ni               3.6490702936        3.5113218389       12.9863098336    0   0   0
Ni               2.4327147368        4.2135848083       14.9720522980
Ni               3.6490718173        2.1067929453       14.9720560241
Ni               6.0817860901        2.1067930772       14.9720564448
Ni               4.8654288947        4.2135846682       14.9720558592
Ni               4.8654291404        2.8090569171       16.9594796958
Ni               1.2163583472        0.7022646973       16.9594835019
Ni               2.4327145869        2.8090555583       16.9594835531
Ni               3.6490708660        0.7022648295       16.9594838046
Ni               2.4327148964        1.4045289663       18.9448584988
Ni               6.0817874016        3.5113214154       18.9448631398
Ni               4.8654286991        1.4045275725       18.9448635601
Ni               3.6490705728        3.5113208354       18.9448630851
Ni              -0.0000001281       -0.0000001892       20.9315839629
Ni               4.8654292456        4.2135845893       20.9315897455
Ni               6.0817855862        2.1067929276       20.9315888178
Ni               3.6490724027        2.1067927520       20.9315883693
